test_iter: 100
test_interval: 500
base_lr: 0.009999999776482582
display: 100
max_iter: 20000
lr_policy: "step"
gamma: 0.10000000149011612
momentum: 0.8999999761581421
weight_decay: 0.0005000000237487257
stepsize: 5000
snapshot: 1000
snapshot_prefix: "snapshot/vgg19"
solver_mode: GPU
net: "vgg19_train_test.prototxt"
type: "SGD"
